43526
43563
43564
43791
43792
43793
43795
43796
43797
43798
43799
43800
43801
43802
43803
43807
43808
43809
43810
43564
43565
43566
43810
43812
43813
43814
43815
43816
43817
43818
43819
43820
43821
43822
43823
43824
43827
43832
43566
43567
43568
43832
43833
43834
43835
43836
43837
43838
43839
43840
43841
43842
43843
43844
43845
43846
43851
43852
43853
43854
43568
43569
43854
43855
43856
43857
43858
43859
43860
43862
43863
43864
43865
43866
43867
43872
43874
43875
43876
43877
43569
43570
43571
43877
43878
43879
43880
43881
43882
43883
43884
43885
43886
43887
43888
43889
43890
43891
43892
43894
43895
43896
43897
43571
43572
43574
43897
43900
43901
43902
43903
43904
43905
43906
44000
44001
44002
44007
44008
44010
44011
44012
44014
44017
44018
44019
44020
43574
43575
43576
44020
44021
44022
44023
44025
44036
44038
44043
44044
44045
44046
44047
44048
44049
44050
44051
44052
44055
44056
44057
44058
44059
43576
43577
43578
44059
44060
44061
44062
44063
44064
44065
44066
44067
44068
44069
44072
44073
44074
44075
44076
44077
44078
44079
44080
43578
43579
43580
44080
44081
44082
44083
44084
44085
44086
44087
44088
44089
44090
44091
44092
44093
44094
44095
44096
44097
44098
44099
44101
44102
44103
44104
43580
43581
43582
43583
44104
44105
44106
44107
44114
44115
44116
44117
44118
44119
44120
44121
44122
44123
44124
44125
44126
44127
43526
43527
43528
43532
43533
43534
43540
43583
43584
43585
43586
44128
44129
44130
44131
44132
44133
43586
43587
43588
43589
43590
43591
43592
43593
43594
43595
43596
43598
43599
43600
43601
43602
43541
43547
43548
43549
43602
43603
43604
43608
43609
43610
43611
43612
43613
43614
43615
43616
43617
43618
43619
43620
43621
43622
43623
43624
43549
43550
43551
43624
43625
43626
43629
43630
43631
43632
43633
43634
43635
43636
43637
43638
43639
43640
43641
43642
43643
43644
43645
43551
43552
43553
43554
43645
43646
43647
43648
43649
43650
43651
43652
43653
43654
43655
43656
43657
43658
43659
43666
43672
43554
43555
43556
43678
43679
43680
43681
43682
43683
43684
43685
43686
43687
43692
43693
43694
43695
43696
43697
43698
43700
43701
43702
43703
43704
43705
43556
43557
43705
43706
43707
43708
43709
43710
43717
43718
43719
43720
43721
43722
43724
43725
43726
43728
43729
43730
43731
43732
43733
43734
43735
43736
43737
43738
43739
43740
43741
43742
43743
43744
43557
43561
43744
43745
43746
43747
43748
43749
43750
43751
43752
43753
43754
43755
43756
43757
43758
43759
43760
43761
43762
43763
43764
43561
43562
43764
43765
43766
43767
43769
43770
43771
43772
43773
43776
43782
43783
43784
43785
43786
43787
43788
43789
43790
43791
